gene	CD161	PD1	PDL1	TIM3	LAG3	TIGIT	CD200R1
CD161	1	0.45431943083155	0.297923590738944	0.495806111298662	0.432120156229121	0.569182296156779	0.518161613445004
PD1	0.45431943083155	1	0.453397839140113	0.599954003494612	0.71482555465977	0.787617247024036	0.514149246379107
PDL1	0.297923590738944	0.453397839140113	1	0.628060428615108	0.534236610158736	0.637790966856955	0.659261111618144
TIM3	0.495806111298662	0.599954003494612	0.628060428615108	1	0.559992333232553	0.704398663541636	0.695194252448716
LAG3	0.432120156229121	0.71482555465977	0.534236610158736	0.559992333232553	1	0.816214000823963	0.515741565287167
TIGIT	0.569182296156779	0.787617247024036	0.637790966856955	0.704398663541636	0.816214000823963	1	0.740901443543158
CD200R1	0.518161613445004	0.514149246379107	0.659261111618144	0.695194252448716	0.515741565287167	0.740901443543158	1
